pos	N	G	C	T	A
1	0.0	29.92	26.51	22.01	21.57
2	0.0	29.17	26.62	21.72	22.49
3	0.0	25.61	28.21	22.28	23.9
4	0.0	24.64	26.73	23.03	25.6
5	0.0	24.74	25.07	24.76	25.43
6	0.0	25.02	26.6	22.92	25.46
7	0.0	26.85	27.68	21.91	23.55
8	0.0	28.68	26.01	21.46	23.85
9	0.0	28.17	24.21	21.58	26.05
10	0.0	28.0	24.39	22.69	24.92
11	0.0	26.68	24.92	23.82	24.58
12	0.0	25.7	26.83	24.76	22.7
13	0.0	27.17	27.97	23.33	21.53
14	0.0	29.96	25.66	22.54	21.84
15	0.0	29.38	25.89	23.85	20.88
16	0.0	25.81	26.72	25.87	21.6
17	0.0	24.3	28.51	25.73	21.46
18	0.0	25.47	28.34	24.7	21.49
19	0.0	27.66	27.87	22.81	21.65
20	0.0	29.9	26.81	21.42	21.87
21	0.0	29.55	26.76	21.77	21.92
22	0.0	26.71	28.38	21.83	23.07
23	0.0	24.18	26.42	24.72	24.68
24	0.0	24.96	24.98	27.42	22.65
25	0.0	24.53	27.26	26.7	21.5
26	0.0	24.52	30.33	23.85	21.29
27	0.0	24.56	30.01	23.85	21.59
28	0.0	26.86	27.25	24.87	21.02
29	0.0	27.75	26.42	24.01	21.82
30	0.0	26.87	28.31	23.41	21.41
31	0.0	26.33	26.7	24.84	22.12
32	0.0	27.52	24.93	22.83	24.72
33	0.0	26.06	25.53	21.1	27.31
34	0.0	24.75	27.09	21.28	26.87
35	0.0	25.28	29.77	21.48	23.47
36	0.0	25.99	30.74	21.39	21.88
37	0.0	27.72	28.41	22.23	21.65
38	0.0	25.63	28.31	24.15	21.9
39	0.0	24.18	27.72	26.17	21.93
40	0.0	24.51	27.55	26.11	21.82
41	0.0	24.51	27.02	27.0	21.47
42	0.0	24.11	27.7	26.36	21.83
43	0.0	25.59	29.73	22.51	22.17
44	0.0	26.66	29.47	21.51	22.35
45	0.0	27.43	26.71	22.62	23.24
46	0.0	25.91	25.16	23.97	24.97
47	0.0	24.5	26.7	25.74	23.05
48	0.0	24.47	28.39	25.63	21.51
49	0.0	25.16	26.6	25.92	22.33
50	0.0	25.7	26.17	24.73	23.41
51	0.0	26.21	26.02	23.67	24.1
52	0.0	26.06	26.73	23.48	23.73
53	0.0	26.0	25.87	23.96	24.18
54	0.0	25.67	25.25	23.47	25.61
55	0.0	25.79	24.04	21.16	29.01
56	0.0	29.44	24.1	22.08	24.38
57	0.0	24.71	25.13	23.93	26.23
58	0.0	25.11	25.79	27.07	22.02
59	0.0	26.65	29.11	22.37	21.87
60	0.0	30.87	25.16	21.41	22.57
61	0.0	29.93	24.07	21.96	24.04
62	0.0	26.12	23.92	21.52	28.43
63	0.0	26.0	24.96	21.28	27.76
64	0.0	30.45	24.44	21.09	24.02
65	0.0	27.23	24.61	21.46	26.7
66	0.0	30.35	26.31	21.36	21.99
67	0.0	27.47	29.24	21.66	21.64
68	0.0	31.15	24.63	22.99	21.23
69	0.0	29.5	24.68	24.44	21.38
70	0.0	25.13	24.91	28.43	21.53
71	0.0	24.32	26.31	27.38	21.99
72	0.0	24.45	29.5	22.45	23.61
73	0.0	25.92	25.69	21.75	26.64
74	0.0	29.34	26.47	21.55	22.64
75	0.0	25.94	29.55	21.5	23.01
76	0.0	26.92	25.26	21.6	26.21
77	0.0	30.78	24.89	21.08	23.25
78	0.0	29.85	24.71	21.31	24.12
79	0.0	25.08	24.37	22.53	28.02
80	0.0	25.12	24.8	23.38	26.7
81	0.0	25.99	25.63	26.43	21.95
82	0.0	29.14	27.18	22.49	21.19
83	0.0	26.09	30.67	21.48	21.76
84	0.0	26.42	30.04	21.42	22.13
85	0.0	30.01	24.66	21.41	23.91
86	0.0	26.74	24.94	21.26	27.06
87	0.0	29.65	25.66	21.0	23.7
88	0.0	25.15	26.71	21.62	26.52
89	0.0	25.2	31.35	21.21	22.23
90	0.0	26.09	30.12	21.74	22.05
91	0.0	29.31	25.42	22.24	23.03
92	0.0	24.5	25.51	23.47	26.52
93	0.0	24.18	26.03	27.71	22.07
94	0.0	24.48	30.19	23.49	21.83
95	0.0	24.85	26.94	27.04	21.17
96	0.0	25.93	29.62	22.72	21.72
97	0.0	29.31	25.04	23.46	22.19
98	0.0	25.27	24.13	27.33	23.26
99	0.0	25.36	24.84	23.54	26.25
100	0.0	26.01	25.6	26.48	21.91
101	0.0	29.35	26.81	22.62	21.22
102	0.0	26.08	31.05	21.55	21.32
103	0.0	26.56	28.89	22.23	22.32
104	0.0	28.13	26.48	22.83	22.56
105	0.0	26.62	27.4	23.09	22.89
106	0.0	26.88	27.44	22.59	23.09
107	0.0	26.8	26.88	23.46	22.86
108	0.0	27.07	27.21	23.09	22.62
109	0.0	27.32	26.7	22.89	23.09
110	0.0	26.69	27.14	22.89	23.27
111	0.0	26.7	27.15	23.05	23.1
112	0.0	27.06	27.2	22.85	22.89
113	0.0	27.65	27.17	22.6	22.57
114	0.0	27.15	27.68	23.26	21.91
115	0.0	27.06	27.44	22.92	22.58
116	0.0	27.35	27.49	23.15	22.01
117	0.0	27.54	27.44	22.21	22.82
118	0.0	27.42	27.94	22.4	22.24
119	0.0	27.41	27.24	22.48	22.87
120	0.0	27.7	27.9	22.51	21.89
121	0.0	28.02	28.19	22.03	21.77
122	0.0	28.06	27.16	22.68	22.1
123	0.0	27.71	27.55	22.73	22.01
124	0.0	27.8	27.68	22.28	22.25
125	0.0	27.52	28.07	22.19	22.22
126	0.0	27.45	27.74	22.53	22.29
127	0.0	28.07	28.0	22.01	21.91
128	0.0	27.63	27.66	22.02	22.69
129	0.0	27.99	27.7	21.62	22.69
130	0.0	28.69	27.76	21.6	21.95
131	0.0	28.28	27.69	22.0	22.04
132	0.0	27.59	28.07	22.34	21.99
133	0.0	28.01	28.66	21.29	22.03
134	0.0	27.69	27.59	22.63	22.09
135	0.0	27.89	28.18	22.23	21.7
136	0.0	28.07	28.22	21.75	21.95
137	0.0	27.72	28.03	22.11	22.14
138	0.0	27.66	28.47	22.13	21.73
139	0.0	28.27	27.72	21.96	22.05
140	0.0	28.18	27.49	21.85	22.49
141	0.0	27.59	28.73	22.17	21.51
142	0.0	27.99	28.35	21.65	22.01
143	0.0	27.6	27.99	22.06	22.34
144	0.0	27.77	28.15	21.96	22.12
145	0.0	28.1	28.41	22.06	21.44
146	0.0	27.8	27.82	22.48	21.91
147	0.0	27.8	28.03	22.47	21.7
148	0.0	28.34	28.0	21.35	22.31
149	0.0	28.1	27.83	21.87	22.21
150	0.0	27.92	28.01	22.26	21.81
151	0.0	27.9	28.61	21.98	21.51
152	0.0	27.25	28.14	21.92	22.69
153	0.0	28.18	28.17	21.61	22.04
154	0.0	28.18	27.98	21.92	21.93
155	0.0	28.29	27.85	21.77	22.09
156	0.0	27.83	28.0	22.2	21.97
157	0.0	28.59	27.69	21.43	22.29
158	0.0	28.31	28.13	21.59	21.96
159	0.0	27.64	27.92	21.98	22.46
160	0.0	28.37	27.83	21.75	22.06
161	0.0	28.61	27.34	22.34	21.71
162	0.0	28.16	28.57	21.75	21.52
163	0.0	28.16	27.85	22.09	21.9
164	0.0	28.0	27.79	21.47	22.74
165	0.0	28.1	28.13	21.92	21.86
166	0.0	27.96	28.36	21.56	22.12
167	0.0	28.07	28.1	21.45	22.38
168	0.0	27.67	28.86	21.08	22.39
169	0.0	27.76	28.5	21.71	22.03
170	0.0	28.04	27.79	22.3	21.86
171	0.0	28.1	27.78	22.2	21.92
172	0.0	28.24	28.02	22.01	21.72
173	0.0	27.93	28.0	22.01	22.07
174	0.0	27.93	28.36	22.55	21.16
175	0.0	28.0	28.3	22.11	21.6
176	0.0	27.67	27.52	21.8	23.01
177	0.0	28.31	27.97	22.01	21.71
178	0.0	27.61	28.02	22.3	22.06
179	0.0	27.58	27.47	22.34	22.61
180	0.0	27.44	28.61	21.87	22.08
181	0.0	28.17	28.42	21.34	22.07
182	0.0	27.9	27.54	22.06	22.49
183	0.0	28.12	28.38	21.36	22.14
184	0.0	28.45	28.42	21.72	21.41
185	0.0	28.16	28.2	21.52	22.12
186	0.0	27.96	27.99	22.36	21.69
187	0.0	28.26	28.28	21.96	21.51
188	0.0	27.75	28.49	21.95	21.81
189	0.0	27.77	28.1	22.01	22.13
190	0.0	28.05	29.01	21.23	21.7
191	0.0	27.82	28.0	21.75	22.43
192	0.0	27.9	28.16	21.81	22.13
193	0.0	28.41	27.75	22.06	21.78
194	0.0	28.33	27.95	22.02	21.7
195	0.0	27.42	27.97	22.23	22.38
196	0.0	28.46	27.74	22.06	21.74
197	0.0	28.24	28.33	22.16	21.27
198	0.0	27.04	28.42	22.26	22.28
199	0.0	28.47	27.86	21.94	21.74
200	0.0	28.63	27.9	21.91	21.56
201	0.0	28.74	27.4	22.1	21.76
202	0.0	27.93	27.8	22.26	22.01
203	0.0	28.7	27.81	21.36	22.14
204	0.0	27.69	28.31	22.39	21.61
205	0.0	27.85	27.75	22.14	22.26
206	0.0	28.19	27.49	22.24	22.07
207	0.0	27.53	28.66	22.15	21.67
208	0.0	28.51	28.17	21.7	21.61
209	0.0	28.46	27.73	21.38	22.43
210	0.0	27.17	28.54	22.32	21.96
211	0.0	28.47	27.78	21.79	21.95
212	0.0	27.43	28.25	22.08	22.24
213	0.0	27.82	28.2	22.24	21.73
214	0.0	28.41	28.2	21.45	21.95
215	0.0	28.12	27.82	21.57	22.5
216	0.0	27.54	28.4	22.4	21.66
217	0.0	28.39	28.17	21.92	21.53
218	0.0	28.05	27.91	21.81	22.24
219	0.0	27.77	27.96	22.34	21.94
220	0.0	28.46	28.27	21.35	21.91
221	0.0	28.04	27.94	22.23	21.79
222	0.0	27.78	28.21	21.87	22.14
223	0.0	28.28	28.17	21.75	21.8
224	0.0	28.04	27.87	22.08	22.0
225	0.0	28.09	28.14	22.49	21.27
226	0.0	28.17	28.35	21.99	21.49
227	0.0	28.03	27.93	21.91	22.13
228	0.0	28.54	28.04	21.77	21.65
229	0.0	28.02	28.29	21.58	22.11
230	0.0	28.14	28.19	21.96	21.71
231	0.0	27.89	28.77	21.4	21.95
232	0.0	28.49	27.92	21.48	22.11
233	0.0	28.16	27.9	22.3	21.65
234	0.0	27.53	28.3	21.99	22.18
235	0.0	28.45	27.72	21.87	21.96
236	0.0	27.83	28.44	21.52	22.2
237	0.0	27.67	27.99	22.11	22.23
238	0.0	28.34	28.02	21.92	21.72
239	0.0	27.77	28.07	21.85	22.31
240	0.0	27.72	28.61	21.72	21.96
241	0.0	28.04	27.99	22.02	21.95
242	0.0	27.79	27.79	22.11	22.31
243	0.0	28.08	27.99	22.02	21.91
244	0.0	28.01	28.39	22.37	21.23
245	0.0	28.0	27.81	21.85	22.34
246	0.0	28.51	27.63	22.0	21.86
247	0.0	27.93	28.5	21.42	22.15
248	0.0	28.73	27.63	22.02	21.62
249	0.0	27.88	28.21	21.74	22.18
250	0.0	27.93	28.18	22.08	21.82
251	0.0	28.05	27.91	22.0	22.04
252	0.0	28.11	28.17	21.74	21.98
253	0.0	27.75	28.79	21.84	21.63
254	0.0	27.97	28.07	21.68	22.28
255	0.0	28.24	28.0	21.71	22.05
256	0.0	28.16	28.0	21.74	22.1
257	0.0	27.42	28.15	22.04	22.39
258	0.0	27.74	28.21	21.9	22.14
259	0.0	27.85	28.55	21.55	22.06
260	0.0	28.06	28.68	21.76	21.5
261	0.0	27.71	28.18	22.06	22.05
262	0.0	28.2	27.87	21.81	22.11
263	0.0	27.55	28.19	22.06	22.2
264	0.0	27.37	27.84	22.21	22.59
265	0.0	28.09	27.95	22.16	21.8
266	0.0	28.31	27.37	22.24	22.08
267	0.0	27.83	28.07	22.02	22.08
268	0.0	28.15	28.27	21.84	21.75
269	0.0	28.32	28.12	21.74	21.81
270	0.0	27.84	28.3	22.21	21.66
271	0.0	27.63	28.23	21.88	22.27
272	0.0	28.11	27.97	21.56	22.37
273	0.0	27.76	28.54	21.78	21.92
274	0.0	28.11	28.12	21.97	21.8
275	0.0	27.75	27.75	22.21	22.29
276	0.0	28.34	28.21	22.0	21.45
277	0.0	27.68	28.18	22.19	21.96
278	0.0	28.0	28.15	22.27	21.58
279	0.0	28.11	27.99	22.23	21.67
280	0.0	28.64	27.68	22.0	21.68
281	0.0	27.58	28.2	22.1	22.13
282	0.0	27.56	28.39	21.94	22.11
283	0.0	28.44	28.52	21.03	22.01
284	0.0	28.25	27.69	21.75	22.3
285	0.0	28.08	28.18	21.84	21.9
286	0.0	28.52	28.08	21.61	21.79
287	0.0	27.93	28.03	22.47	21.57
288	0.0	27.68	28.25	22.04	22.03
289	0.0	28.3	28.08	21.78	21.84
290	0.0	28.35	27.8	21.77	22.09
291	0.0	27.87	28.07	22.32	21.75
292	0.0	28.92	28.19	21.2	21.69
293	0.0	27.66	27.84	21.83	22.66
294	0.0	28.16	28.13	21.81	21.89
295	0.0	27.85	28.35	21.88	21.92
296	0.0	28.24	27.83	21.57	22.35
297	0.0	27.79	28.07	22.16	21.97
298	0.0	28.34	28.03	21.81	21.83
299	0.0	28.14	27.76	22.24	21.85
300	0.0	28.46	28.3	21.58	21.66
301	0.0	28.51	28.2	21.51	21.78
302	0.0	28.11	28.23	21.65	22.01
303	0.0	28.44	28.46	21.36	21.75
304	0.0	28.92	28.2	21.33	21.55
305	0.0	28.2	28.24	22.08	21.48
306	0.0	28.67	27.66	21.89	21.77
307	0.0	28.48	28.32	21.36	21.84
308	0.0	28.25	27.59	21.63	22.52
309	0.0	27.92	28.25	21.66	22.17
310	0.0	27.87	28.38	21.67	22.08
311	0.0	27.38	28.6	22.19	21.83
312	0.0	28.51	27.32	22.11	22.06
313	0.0	28.51	27.43	22.19	21.88
314	0.0	27.86	28.32	21.7	22.12
315	0.0	28.21	28.52	21.65	21.62
316	0.0	28.2	28.0	22.01	21.79
317	0.0	27.41	28.1	22.22	22.28
318	0.0	28.02	27.78	22.06	22.15
319	0.0	28.51	27.87	21.64	21.98
320	0.0	28.35	28.55	21.02	22.07
321	0.0	27.95	27.8	22.09	22.16
322	0.0	28.25	27.59	22.35	21.81
323	0.0	27.44	28.47	21.89	22.21
324	0.0	27.63	28.39	21.76	22.22
325	0.0	28.09	27.87	22.03	22.01
326	0.0	28.28	27.98	22.0	21.75
327	0.0	27.9	28.33	21.92	21.85
328	0.0	28.68	28.08	21.52	21.73
329	0.0	28.26	28.4	21.47	21.87
330	0.0	27.92	28.32	21.93	21.83
331	0.0	28.37	28.29	21.91	21.42
332	0.0	28.01	28.39	22.2	21.4
333	0.0	27.65	28.58	21.81	21.96
334	0.0	28.36	28.31	21.34	21.99
335	0.0	27.62	28.07	22.0	22.3
336	0.0	28.88	27.77	21.53	21.82
337	0.0	27.89	28.67	21.65	21.79
338	0.0	28.49	27.3	22.34	21.87
339	0.0	27.97	28.43	22.24	21.35
340	0.0	28.3	28.59	21.59	21.52
341	0.0	28.47	28.15	21.5	21.88
342	0.0	28.03	28.76	21.42	21.8
343	0.0	28.29	28.19	22.07	21.45
344	0.0	27.81	27.37	22.26	22.57
345	0.0	28.25	27.67	21.56	22.52
346	0.0	28.23	28.83	21.29	21.65
347	0.0	28.31	27.75	22.0	21.93
348	0.0	27.87	28.62	21.71	21.8
349	0.0	27.98	27.65	22.15	22.22
350	0.0	28.27	27.44	22.34	21.95
351	0.0	28.18	28.65	21.87	21.3
352	0.0	28.21	27.89	22.18	21.72
353	0.0	28.34	27.87	21.95	21.84
354	0.0	28.44	28.32	21.89	21.35
355	0.0	28.19	27.83	22.14	21.84
356	0.0	27.93	28.09	21.98	22.0
357	0.0	28.03	28.16	21.94	21.87
358	0.0	28.74	28.32	21.4	21.53
359	0.0	28.84	27.39	21.67	22.1
360	0.0	28.2	28.28	21.56	21.97
361	0.0	27.93	28.58	21.89	21.6
362	0.0	28.65	27.88	21.56	21.92
363	0.0	28.56	27.96	22.04	21.44
364	0.0	28.79	28.29	21.99	20.93
365	0.0	28.15	28.27	21.57	22.01
366	0.0	27.94	28.29	22.24	21.53
367	0.0	28.52	28.12	21.6	21.76
368	0.0	28.42	28.34	21.41	21.83
369	0.0	28.2	27.76	22.17	21.86
370	0.0	28.46	28.85	20.88	21.82
371	0.0	28.19	28.59	21.67	21.54
372	0.0	27.83	28.3	22.13	21.73
373	0.0	28.49	28.56	21.04	21.91
374	0.0	28.57	28.46	21.05	21.91
375	0.0	28.48	27.93	22.3	21.3
376	0.0	28.53	28.23	22.11	21.14
377	0.0	28.2	27.94	22.01	21.85
378	0.0	28.23	28.0	21.66	22.11
379	0.0	28.52	27.95	22.04	21.49
380	0.0	28.38	27.89	21.79	21.94
381	0.0	28.3	28.17	21.72	21.81
382	0.0	27.99	28.43	21.63	21.95
383	0.0	28.5	28.1	21.61	21.8
384	0.0	28.18	28.0	21.74	22.08
385	0.0	28.25	28.55	21.5	21.7
386	0.0	27.45	28.48	21.95	22.12
387	0.0	27.68	28.4	22.06	21.86
388	0.0	28.8	28.26	21.95	20.99
389	0.0	28.64	27.7	21.82	21.84
390	0.0	28.34	28.51	21.72	21.44
391	0.0	28.48	28.35	21.06	22.11
392	0.0	28.18	28.16	21.8	21.85
393	0.0	28.2	28.02	22.2	21.58
394	0.0	28.76	28.34	21.1	21.81
395	0.0	28.75	28.57	21.0	21.68
396	0.0	27.96	28.53	22.03	21.48
397	0.0	28.14	28.99	21.35	21.52
398	0.0	28.72	28.35	21.44	21.48
399	0.0	28.74	28.43	21.51	21.32
400	0.0	28.33	28.57	21.35	21.75
401	0.0	28.68	28.22	21.64	21.45
402	0.0	29.46	28.3	20.68	21.55
403	0.0	28.91	28.76	20.88	21.44
404	0.0	28.06	28.69	21.98	21.27
405	0.0	28.61	28.25	21.39	21.75
406	0.0	29.45	28.28	20.95	21.33
407	0.0	28.24	28.82	21.07	21.87
408	0.0	29.39	28.01	21.36	21.24
409	0.0	28.83	28.69	20.86	21.62
410	0.0	27.97	28.7	21.26	22.07
411	0.0	29.08	27.76	21.2	21.97
412	0.0	28.61	28.49	21.87	21.03
413	0.0	28.73	28.64	21.35	21.29
414	0.0	28.81	28.99	21.48	20.73
415	0.0	28.76	29.17	21.33	20.75
416	0.0	29.61	28.93	20.74	20.71
417	0.0	29.02	27.72	21.59	21.67
418	0.0	28.7	28.44	21.35	21.51
419	0.0	28.15	28.85	21.75	21.26
420	0.0	28.65	28.81	21.28	21.25
421	0.0	28.87	28.48	21.13	21.52
422	0.0	28.13	28.33	21.94	21.61
423	0.0	28.85	28.38	21.55	21.23
424	0.0	28.31	28.44	21.29	21.96
425	0.0	29.33	28.63	20.92	21.12
426	0.0	29.38	28.87	20.89	20.86
427	0.0	27.55	29.45	21.56	21.43
428	0.0	30.37	27.87	20.74	21.02
429	0.0	27.93	29.45	20.76	21.86
430	0.0	29.54	29.16	20.42	20.87
431	0.0	28.77	28.52	21.66	21.04
432	0.0	29.15	28.42	21.11	21.32
433	0.0	28.64	28.64	21.53	21.2
434	0.0	29.38	27.62	21.41	21.59
435	0.0	28.14	29.03	21.83	21.0
436	0.0	28.74	29.03	21.33	20.9
437	0.0	29.06	28.23	21.31	21.4
438	0.0	28.18	28.92	21.58	21.32
439	0.0	29.17	28.99	21.13	20.71
440	0.0	28.37	28.85	21.48	21.3
441	0.0	29.62	28.36	20.72	21.3
442	0.0	28.32	29.19	20.72	21.77
443	0.0	29.14	29.36	20.34	21.16
444	0.0	28.96	29.44	20.86	20.74
445	0.0	29.49	28.12	20.93	21.47
446	0.0	29.8	28.21	20.86	21.13
447	0.0	28.51	29.38	22.05	20.06
448	0.0	28.79	28.56	20.84	21.8
449	0.0	28.55	28.48	21.27	21.7
450	0.0	28.99	29.04	21.09	20.89
451	0.0	28.81	29.34	20.85	21.01
452	0.0	28.21	29.66	21.06	21.07
453	0.0	28.65	28.87	21.39	21.09
454	0.0	29.28	29.25	20.27	21.19
455	0.0	28.62	29.4	20.49	21.49
456	0.0	28.86	29.16	21.41	20.56
457	0.0	29.64	29.01	20.31	21.04
458	0.0	29.23	29.0	20.53	21.24
459	0.0	28.56	28.51	21.72	21.21
460	0.0	28.92	29.06	20.97	21.06
461	0.0	28.98	28.87	20.92	21.23
462	0.0	29.44	28.41	20.39	21.77
463	0.0	29.19	28.21	21.34	21.26
464	0.0	28.67	28.79	21.06	21.49
465	0.0	27.74	29.37	21.21	21.68
466	0.0	28.92	28.09	20.61	22.39
467	0.0	29.06	28.93	20.95	21.07
468	0.0	29.08	28.34	21.4	21.17
469	0.0	28.46	29.09	21.48	20.97
470	0.0	28.79	28.76	21.25	21.2
471	0.0	28.57	29.2	21.97	20.26
472	0.0	29.25	28.87	20.64	21.24
473	0.0	28.73	29.55	20.24	21.48
474	0.0	29.15	28.39	20.88	21.57
475	0.0	29.07	28.57	21.2	21.16
476	0.0	29.3	28.66	20.65	21.39
477	0.0	27.99	30.15	21.82	20.04
478	0.0	28.65	29.21	20.67	21.47
479	0.0	28.03	28.35	21.68	21.94
480	0.0	29.49	29.33	20.94	20.24
481	0.0	28.98	29.58	20.24	21.2
482	0.0	29.32	28.44	20.89	21.35
483	0.0	28.22	29.2	21.67	20.91
484	0.0	29.48	28.62	20.62	21.28
485	0.0	28.98	28.44	21.03	21.54
486	0.0	29.35	29.5	20.39	20.76
487	0.0	28.63	29.42	20.88	21.06
488	0.0	29.34	28.6	20.33	21.72
489	0.0	28.27	29.39	21.18	21.16
490	0.0	29.52	28.18	21.21	21.08
491	0.0	28.4	29.72	21.32	20.56
492	0.0	28.85	28.56	20.83	21.76
493	0.0	28.77	29.97	20.56	20.69
494	0.0	28.99	29.27	20.85	20.88
495	0.0	29.21	28.84	20.76	21.2
496	0.0	29.84	28.73	20.51	20.92
497	0.0	29.44	29.1	19.97	21.5
498	0.0	28.56	30.02	20.82	20.59
499	0.0	30.22	28.94	20.72	20.13
500	0.0	29.07	29.04	20.53	21.36
